1 26 
5 21 
5 24 
7 29 
2 11 20 
4 6 13 1 
7 10 18 3 
7 9 14 5 
10 13 19 7 1 
7 11 15 6 6 2 
10 7 5 1 3 2 
8 2 8 1 6 2 
9 1 5 1 4 2 
7 1 0 8 7 6 2 
5 2 19 5 1 4 2 
6 8 2 14 7 6 3 
4 2 12 6 1 2 2 
5 4 10 9 7 6 3 
9 4 17 11 5 2 2 
10 2 13 18 10 6 3 
8 2 18 6 1 2 2 
2 2 13 15 7 6 3 
12 2 8 9 5 5 4 
16 2 4 5 7 2 2 
6 2 24 8 5 7 3 
8 2 4 15 1 2 2 
4 6 2 14 6 6 3 
31 2 13 5 1 2 2 
18 4 11 13 9 6 3 
1 13 4 18 12 6 5 2 
4 5 2 4 1 10 7 5 2 
10 0 2 18 2 6 1 4 2 
14 18 3 4 2 11 1 4 2 
10 13 6 6 3 11 6 6 2 
13 23 2 16 2 5 6 4 2 
29 2 5 14 6 11 5 4 2 
